Sarah
9 2 5 6 3 8 9 8 3 10 10 1 
93 95 95 92 94 96 92 94 
94 95 98 93
Jennifer
6 4 9 4 9 10 9 7 3 3 4 10 
85 33 94 90 85 84 87 92 
100 94 88 94
Joshua
4 0 9 9 1 3 3 7 6 2 1 0 
94 85 84 89 82 95 90 94 
50 97 91 97
Natalie
4 10 7 6 1 3 10 9 2 9 10 4 
93 97 30 94 38 94 93 91 
90 93 99 90
Scott
8 9 10 5 0 4 0 10 5 6 1 9 
81 82 39 90 88 88 91 45 
100 100 94 96
David
9 4 10 5 6 10 8 1 2 2 9 4 
82 78 96 93 84 86 85 100 
90 94 91 98
Megan
5 4 8 0 9 0 0 7 2 4 10 7 
88 81 64 84 91 85 92 90 
100 91 96 85
Emily
1 4 4 5 10 9 8 9 4 2 1 10 
100 85 65 98 99 32 72 81 
100 98 97 85
Sydney
9 2 4 10 2 5 8 7 3 6 10 3 
72 82 100 82 80 88 95 33 
95 96 93 99
Lily
10 1 10 7 6 8 0 10 5 4 7 4 
87 85 100 89 81 88 83 84 
95 99 90 98
